# 5 spheres in the atom color theme

R 820   400
A 0.2   255,255,255

c 0,0,0  0,0,1  60
c 0,0,0  0,0,-1  60

l 400,100,-500  0.3   255,255,255
           
sp 100,100,0  900   255,256,0
sp 300,300,-400 60   0,255,0
sp 100,100,900  100   0,0,255
sp 200,200,900  130   255,0,255
sp 300,300,600  10   255,0,255
# sp	-400,-200,-900		200			0,0,255
# sp	0,0,1		5			244,244,244
# sp	-1.6,0,-3.5	14			210,171,112
# sp	-0.8,0,-3	14			175,202,146
# sp	0,0,-2.5	14			133,188,238
# sp	0.8,0,-3	14			199,148,223
# sp	1.6,0,-3.5	8			218,135,138
